993
680929
783203
875318
6291
712795
194071
870776
569807
725135
587519
370002
342092
171598
667977
826654
173764
917726
150862
888980
980961
466812
940179
900278
19864
541482
141774
824012
379784
708397
268357
171952
579294
503196
192603
69041
403105
716182
542769
344831
141514
660830
234100
378308
845759
604731
224661
731335
923096
894949
385771
212689
908227
684551
137073
897997
979355
458690
132899
33965
968392
37580
32753
442598
665929
987989
618346
577365
764904
195319
700375
772766
160860
274939
22285
821786
872948
606724
553664
340900
741834
379471
165517
766913
341461
89634
293424
33281
970957
833665
174799
472471
961563
978384
767244
656413
178409
593863
1864
918696
856857
479122
719016
963113
324886
822519
27435
142181
360474
245168
43420
19624
753689
783198
800958
205324
1147
62263
321012
429490
198756
914115
152990
551550
344751
298206
405427
35030
825246
898842
314372
358619
89161
40884
346969
951131
337210
214307
164584
132027
961022
822257
851937
570267
285067
84130
732120
275221
548854
783661
675961
647266
627885
43095
335890
429308
373745
407252
677870
657619
491926
488449
697152
501764
201814
30394
791012
96651
787923
766311
283954
27312
862225
109819
408417
383394
82815
173413
687484
691360
772825
162743
601089
981720
836939
210030
834198
482174
763931
354912
868245
423646
945027
958184
596579
43279
719264
457120
645971
753985
123307
238223
126209
911758
16181
76937
789064
521209
812525
320374
628348
540779
514057
506922
897134
436557
452201
962681
772028
587835
848926
666081
204303
740107
633976
293325
597489
662869
968990
144712
866239
466396
344633
411449
151716
152731
179222
92521
720255
125334
559813
978774
505138
876196
140061
813491
883918
897888
163928
714271
298258
167346
499114
12392
92290
761165
695316
922971
799676
971391
172959
267912
499308
708401
395440
650666
149839
29073
615446
922377
519827
178164
118979
752071
679792
407044
422773
145860
599854
807300
88557
95486
251366
624441
924296
373391
543723
491865
273508
568216
528999
946638
832635
247839
917085
199301
255588
872596
466856
45532
570243
715452
968824
543340
360093
82838
782385
455087
973690
325231
20106
975288
46239
622866
507816
363741
538552
186387
643917
991736
767810
628069
880246
835579
863585
680871
413165
942912
979603
556912
837763
388702
294483
235465
657058
578049
569476
436003
254837
260501
865418
61022
580301
843306
679749
549781
84663
510729
297909
590799
723521
323001
265866
932288
835055
323541
71730
774510
661799
191154
722488
529131
373783
781049
643820
183839
911642
516236
379276
567658
167003
246677
232166
165156
222164
886857
577750
57931
269249
504623
453042
381156
959611
615855
339208
946966
484529
895746
438704
35477
80041
256490
814849
305189
236911
124409
491279
387370
897220
191501
587470
467570
705007
835321
399462
7796
254544
960671
116969
552388
173103
370718
546285
630207
740601
257819
44196
820324
957920
31781
275007
687670
684305
309808
293058
490658
40800
224866
570546
91395
73925
273171
775273
805135
263514
247065
339259
173681
193298
561821
26183
575507
858384
343637
123481
310966
103753
726783
470006
802183
882308
709841
626199
24994
309296
843294
971077
210536
840392
647795
102903
266973
468504
245944
59210
499957
209587
23818
546410
45380
200893
838181
468044
285097
675970
249405
450367
472473
170204
850220
709125
773856
283875
26611
494411
512943
865170
251120
215872
873202
649247
410745
284189
362357
160589
239401
830757
18603
813694
791789
458294
670679
146830
881859
585345
845066
536586
141353
304071
477612
695337
668220
348007
830229
23791
716623
270002
39198
698766
602589
397866
291332
795102
399607
538085
827711
443579
876221
788578
367229
410177
436220
524122
699064
236410
683609
221321
19336
670625
357633
374440
219636
36218
962097
236535
761270
271702
34789
311853
544431
863059
625253
19455
596627
574561
116623
560358
443609
418260
426398
702991
385263
697293
189817
286405
735396
493880
125645
725520
17816
757676
4485
954561
828270
493696
872649
649135
575691
881646
146961
986076
774228
578530
19783
909935
800428
663712
862450
361225
791941
544294
187393
679255
831520
560761
610044
769778
227604
734610
960084
351530
571531
54752
128740
543449
613931
357989
609629
671848
987721
890494
156114
431527
251855
775757
991131
777594
940777
147133
887779
49769
218598
782988
357904
663942
195811
55510
743100
688098
859815
232690
873690
40384
400507
968776
782646
375580
858170
711880
582288
485635
298006
293786
794746
94468
834104
688858
648454
765827
648669
603673
446471
157722
271423
93052
240065
474403
114565
8635
242909
998953
760507
940898
304258
535480
726173
376999
834722
625515
673919
389478
850168
605116
136674
420961
684300
910875
140376
965620
365683
810200
182098
907002
581963
87304
189101
173608
740683
217374
851566
619541
816511
297520
643120
642105
79896
566321
921150
181990
344883
316134
705367
671071
89502
253546
411518
416014
83228
564809
373701
578203
545838
282676
888080
584832
328164
523724
884588
720018
529701
649609
466924
117793
971329
290441
963771
132464
506509
852441
166742
351543
165859
129811
671667
933604
2496
619917
187947
614924
580883
419890
615767
693524
334740
55428
363489
138588
744317
598707
403428
825406
577748
971649
151426
141359
358327
435071
249544
345353
637420
763155
236831
483434
363868
511783
310794
306233
189433
908560
508527
680465
339786
418480
527631
960885
381331
190345
879534
346717
560362
48769
28932
302875
951405
835836
420264
996351
936026
827557
694532
921898
219610
294458
447815
642527
299932
122271
909042
52648
608363
417895
996527
759011
88800
32337
156525
926551
91284
593764
591405
230560
49521
590551
614666
322501
895884
901770
153961
525259
147630
793469
663349
242138
905738
516936
99548
508350
736972
872736
462469
269310
174530
765354
127316
19274
548150
89954
181984
713260
706088
920890
405650
610439
661917
483302
294372
391151
625184
575411
931127
93078
663252
96121
39252
588830
995214
44985
729277
862002
16155
372124
784930
628546
93339
956499
723512
365455
781795
163985
992136
436319
149624
797430
133192
905310
582769
182987
154445
524248
595912
986976
467072
350615
370757
202687
202291
29712
203340
765984
500473
405593
441202
675142
727668
689480
46816
576465
329762
737421
976802
654034
712890
106325
788577
573122
831460
610248
683141
469356
495099
865799
219242
708896
780971
703877
786764
264781
694325
435166
763512
966531
849295
533542
319429
10782
80534
19299
776164
949493
948738
124025
293585
136451
58577
288285
74599
34332
746925
703002
245996
485800
252646
507983
520711
383736
67592
182590
309114
773215
620562
295407
456456
948596
503200
224018
490187
545055
897264
43873
380192
132628
357329
473274
368241
667888
697745
911708
586597
956748
497638
954656
717455
34469
431753
679832
863065
307234
516078
106065
905654
516042
695918
233494
529951
943460
681285
712286
706422
543173
913556
986041
962325
401074
192209
